Model Evaluation Report
Generated: 2025-06-11 20:37:26.815266

--- PERFORMANCE ---
accuracy: 1.0
precision: 1.0
recall: 1.0
f1_score: 1.0
roc_auc: 1.0

--- ROBUSTNESS ---
robust_accuracy: 0.9333333333333333

